49383023
49404284
49404766
49405468
49389158
49391193
49392707
49394909
49399887
49400657
49345070
49373309
49373340
49375885
49378341
49381456
49376986
49363890
49371665
49332993
49361872
49362101
49363977
49366963
49330361
49369118
49360783
49360815
49358186
49358946
49359029
49359256
49354029
49351672
49356180
49342211
49342618
49341357
49341676
49346081
49347210
49348400
49348631
49349088
49346291
49351471
49351943
49352132
49352182
49351304
49335642
49336159
49336826
49339848
49319927
49331009
49274549
49326053
49255984
49305641
49317885
49321523
49312802
49314588
49314650
49310181
49317268
49318082
49307046
49303361
49307222
49307746
49306998
49308603
49306921
49297564
49309155
49304416
49305013
49305042
49296009
49296415
49296339
49297007
49294230
49297754
49297805
49291507
49293224
49293296
49285306
49285308
49285723
49285827
49286290
49286743
49287765
49287814
49288010
49287291
49288814
49281034
49253017
49275710
49272084
49272776
49275420
49270732
49272953
49273633
49273617
49274177
49255374
49267777
49269808
49270590
49271013
49261041
49261617
49265544
49266092
49257887
49255642
49158578
49227276
49248007
49250435
49250436
49251291
49248854
49244360
49246415
49240643
49246825
49246360
49247205
49203517
49234299
49232121
49234269
49225995
49224435
49229573
49230216
49232317
49223993
49223604
49224177
49220703
49214854
49213905
49216340
49211102
49212634
49212674
49208096
49208631
49201260
49192682
49201657
49195286
49196148
49143993
49197347
49199351
49199754
49184485
49192319
49192326
49193700
49194291
49181189
49171345
49184134
49184359
49185504
49179213
49179805
49180432
49180922
49181814
49176198
49176785
49174976
49170842
49170987
49171779
49171885
49173093
49173473
49164262
49168201
49162081
49162468
49155633
49163946
49163563
49164794
49166033
49159802